1 302.354
2 305.727
3 307.429
4 306.441
5 309.531
6 307.821
7 304.108
8 303.672
9 310.858
10 311.308
11 311.156
12 310.090
13 309.776
14 309.948
15 309.817
16 307.960
17 308.966
18 310.272
19 308.319
20 310.208
21 335.620
22 327.154
23 330.201
24 327.494
25 316.861
26 318.275
27 317.113
28 310.472
29 305.615
30 304.318
31 306.840
32 307.839
33 311.761
34 311.334
35 309.355
36 311.396
37 306.756
38 306.661
39 306.693
40 305.147
41 304.975
42 305.006
43 303.708
44 304.491
45 304.989
46 304.816
47 302.953
48 304.940
49 308.614
50 307.239
51 308.210
52 307.579
53 313.030
54 312.758
55 313.439
56 312.521
57 312.007
58 312.282
59 311.717
60 311.271
61 306.854
62 306.851
63 306.878
64 306.541
65 310.071
66 311.478
67 310.312
68 311.284
69 309.960
70 309.967
71 307.823
72 309.396
73 307.937
74 307.746
75 305.988
76 307.326
77 310.902
78 309.937
79 311.325
80 311.399
81 307.432
82 307.127
83 308.070
84 308.329
85 301.411
86 300.054
87 299.814
88 299.801
89 302.101
90 300.745
91 301.800
92 304.067
93 307.978
94 308.379
95 308.618
96 308.639
97 300.960
98 300.324
99 309.072
100 317.641
