1 343.855
2 341.621
3 344.285
4 344.725
5 345.711
6 345.821
7 344.752
8 346.296
9 344.028
10 342.838
11 346.110
12 346.041
13 344.064
14 345.187
15 345.087
16 345.139
17 342.982
18 344.220
19 344.097
20 342.991
21 344.711
22 343.930
23 343.580
24 343.703
25 336.015
26 334.845
27 334.651
28 335.990
29 335.075
30 336.073
31 337.244
32 336.121
33 334.659
34 335.973
35 334.640
36 334.884
37 335.299
38 334.170
39 335.338
40 334.174
41 333.634
42 334.843
43 333.435
44 333.621
45 336.585
46 335.326
47 335.159
48 336.560
49 338.771
50 338.883
51 340.508
52 339.423
53 341.258
54 342.598
55 341.048
56 341.155
57 341.523
58 340.428
59 340.842
60 342.265
61 340.230
62 340.404
63 341.505
64 340.353
65 339.571
66 340.736
67 339.494
68 339.530
69 341.563
70 341.304
71 341.342
72 342.107
73 331.654
74 331.630
75 331.892
76 333.162
77 332.260
78 332.176
79 333.509
80 332.179
81 330.410
82 330.963
83 332.119
84 330.994
85 331.690
86 331.667
87 332.920
88 331.764
89 330.093
90 329.975
91 331.285
92 329.968
93 331.050
94 331.095
95 332.263
96 331.099
97 330.992
98 331.777
99 331.450
100 330.867
