1 231.029
2 229.203
3 232.368
4 227.870
5 228.751
6 241.175
7 228.968
8 227.706
9 228.275
10 230.308
11 231.622
12 227.955
13 229.154
14 239.224
15 252.197
16 249.010
17 246.412
18 251.179
19 253.399
20 246.060
21 248.156
22 258.837
23 251.751
24 249.056
25 247.382
26 251.147
27 256.350
28 246.875
29 248.093
30 254.061
31 251.392
32 247.493
33 245.974
34 250.361
35 252.595
36 245.608
37 246.488
38 259.553
39 249.463
40 248.324
41 245.634
42 246.955
43 251.975
44 245.561
45 246.978
46 256.872
47 251.113
48 247.242
49 244.878
50 250.586
51 253.148
52 245.047
53 245.632
54 277.945
55 250.244
56 245.775
57 244.953
58 245.530
59 252.663
60 245.010
61 245.443
62 253.557
63 249.111
64 246.420
65 245.564
66 250.271
67 251.764
68 247.699
69 245.781
70 259.545
71 249.335
72 247.069
73 245.264
74 245.632
75 252.190
76 246.685
77 246.658
78 253.746
79 251.053
80 247.071
81 260.369
82 246.339
83 252.114
84 245.121
85 245.322
86 256.130
87 246.621
88 245.942
89 245.395
90 244.388
91 247.791
92 244.848
93 245.697
94 251.951
95 249.602
96 244.848
97 245.272
98 248.537
99 250.275
100 246.611
