1 181.457
2 186.844
3 187.079
4 187.598
5 187.223
6 187.210
7 189.597
8 192.966
9 184.101
10 184.148
11 190.658
12 187.652
13 189.494
14 187.632
15 211.142
16 206.701
17 204.817
18 206.110
19 206.226
20 211.811
21 204.595
22 202.375
23 210.600
24 207.338
25 199.400
26 209.337
27 210.546
28 204.270
29 210.199
30 200.209
31 211.243
32 209.311
33 204.010
34 211.907
35 209.290
36 208.705
37 210.429
38 202.194
39 210.540
40 210.263
41 205.599
42 212.028
43 211.280
44 209.260
45 210.232
46 206.977
47 215.331
48 208.526
49 207.542
50 210.192
51 211.063
52 211.193
53 211.922
54 227.378
55 210.663
56 207.572
57 202.952
58 214.309
59 207.762
60 209.863
61 214.450
62 204.412
63 209.492
64 208.931
65 204.433
66 210.879
67 213.324
68 207.434
69 214.075
70 205.175
71 211.582
72 210.282
73 204.949
74 213.815
75 207.604
76 206.204
77 210.999
78 203.472
79 210.576
80 211.878
81 216.121
82 207.063
83 209.478
84 216.383
85 199.397
86 204.905
87 209.105
88 211.626
89 199.931
90 212.708
91 216.128
92 209.621
93 207.939
94 198.015
95 205.093
96 206.655
97 196.293
98 202.087
99 205.066
100 201.565
